0, 100, 0.746846079701, 0.0123425276793, 0.743862818804, 0.53920227877, 0.261776816764
1, 100, 0.744217651475, 0.00101448258182, 0.169680842356, 0.26960395442, 0.261221108392
2, 100, 0.743907582739, 0.00678298984404, 0.1579190258, 0.199619537913, 0.178550568762
3, 100, 0.745416884003, 0.00114330906769, 0.137965974937, 0.188081402567, 0.18948529455
4, 100, 0.744387116802, 0.00127306655921, 0.129871087801, 0.16025947291, 0.161849989657
5, 100, 0.74724973516, 0.0014147101129, 0.107676070318, 0.141474844769, 0.1371090531
6, 100, 0.74480734972, 0.000896233762947, 0.0610079978291, 0.127454308358, 0.154488569823
7, 100, 0.745067575244, 0.00518573787038, 0.0539401504654, 0.127257561407, 0.14314201751
8, 100, 0.744795271518, 0.00107133151659, 0.0847813978156, 0.136350537889, 0.143143931416
9, 100, 0.339535863797, 0.000782744409973, 0.0411828017481, 0.106671459342, 0.103817930683
10, 100, 0.744260305011, 0.000944692814988, 0.0298538453635, 0.10865747932, 0.137048602098
11, 100, 0.744899719271, 0.00086307347779, 0.0330112936096, 0.107353028587, 0.13727405544
12, 100, 0.744380416575, 0.00076223121353, 0.0222044396024, 0.0899703939256, 0.133696307661
13, 100, 0.745761286389, 0.000857057434092, 0.0205764580145, 0.095874097704, 0.124820499546
14, 100, 0.744354225619, 0.000856965547674, 0.022513401358, 0.0989560554954, 0.124967133067
15, 100, 0.744231022629, 0.000809590929734, 0.0171345644157, 0.0829917126498, 0.117939783278
16, 100, 0.744429225454, 0.000827204771249, 0.0175810129295, 0.0823545092675, 0.13104830654
17, 100, 0.747114792653, 0.000766155435327, 0.015151472152, 0.0921331470372, 0.152124915395
18, 100, 0.744549731362, 0.000892337704538, 0.0173681237272, 0.0813065336974, 0.120915569451
19, 100, 0.260374124322, 0.000780563106113, 0.0111405850598, 0.054037217432, 0.0839732138182
20, 100, 0.744762850027, 0.000833882346654, 0.0149540196311, 0.0899409931097, 0.13446635922
21, 100, 0.74484568532, 0.000816893160499, 0.00936013472844, 0.0672080831682, 0.117571513263
22, 100, 0.281763202924, 0.000710129797956, 0.0111370573715, 0.0615257578624, 0.0908281565606
23, 100, 0.744680077798, 0.000675900901077, 0.011960922281, 0.0957681477946, 0.163441506804
24, 100, 0.602930102914, 0.000698730558452, 0.0112656672531, 0.065345972388, 0.110416545637
25, 100, 0.744467337986, 0.000810901943281, 0.010663855003, 0.0730377586482, 0.132267976568
26, 100, 0.744794753762, 0.000669348532936, 0.00736202857339, 0.0699389026434, 0.13329008139
27, 100, 0.74398824133, 0.000710373340409, 0.00744833862238, 0.055068610332, 0.111933604827
28, 100, 0.74442577446, 0.000754152686266, 0.00593224723273, 0.0519149511658, 0.123538960952
29, 100, 0.398668192316, 0.000690393369018, 0.00928972937312, 0.0601974151918, 0.0957241693936
30, 100, 0.744597074158, 0.000692897231424, 0.00736143798751, 0.0494867709191, 0.104635661438
31, 100, 0.744534436161, 0.000703496903324, 0.00765193692751, 0.0504239023402, 0.106232756976
32, 100, 0.744677485491, 0.000710109827333, 0.00748296724365, 0.058172467504, 0.126924268815
33, 100, 0.744542076341, 0.000723901841023, 0.00923786841371, 0.0558983829208, 0.107664617181
34, 100, 0.744483718566, 0.000709509214001, 0.00747038310742, 0.054025774234, 0.109495127915
35, 100, 0.744464776934, 0.000763573742859, 0.00626407436901, 0.0474058234924, 0.121642041019
36, 100, 0.744644638819, 0.000674504645406, 0.00724479554404, 0.0552102343739, 0.128334758494
37, 100, 0.744614113894, 0.00066830525117, 0.00720963803376, 0.0612559706972, 0.113604123219
38, 100, 0.275394566019, 0.000683129008817, 0.00693369257375, 0.0396248358317, 0.0761674786315
39, 100, 0.326985265704, 0.000719429322368, 0.00567059839575, 0.0431656710937, 0.0846733830683
40, 100, 0.362462583276, 0.000697618061011, 0.00636955245241, 0.0424907239245, 0.0845077193435
41, 100, 0.744352955724, 0.000675488707455, 0.00571881365267, 0.0374777796103, 0.0977419452747
42, 100, 0.270754564718, 0.000653117238056, 0.00724451169582, 0.038255465686, 0.0760901301752
43, 100, 0.744630701201, 0.000682096975571, 0.00586876903772, 0.0425804918004, 0.102393996183
44, 100, 0.322430103682, 0.000686121231502, 0.00707096757343, 0.0401703478879, 0.0809969656536
45, 100, 0.261299199161, 0.000719761215684, 0.00667230868817, 0.030865404657, 0.0692543374223
46, 100, 0.744573241764, 0.000690221641427, 0.00683163363127, 0.0342189104931, 0.0930075995052
47, 100, 0.325553554033, 0.000678479254338, 0.00600665429469, 0.0454063670603, 0.0868961122873
48, 100, 0.260696609694, 0.000751208922836, 0.00720277383949, 0.0513625865247, 0.0880857480577
49, 100, 0.74472087725, 0.000678356461808, 0.00922531943493, 0.0495533160213, 0.122139750877
50, 100, 0.346812983005, 0.00065582021524, 0.00680401254856, 0.0432004909193, 0.0846467752364
51, 100, 0.292943482483, 0.00067499328908, 0.00592329220597, 0.0366248896002, 0.0754037296192
52, 100, 0.744736228483, 0.000335842280524, 0.00591775616517, 0.0461572142143, 0.10394449083
53, 100, 0.245608006395, 0.000273856167606, 0.00813922350291, 0.0502550090156, 0.0852716611292
54, 100, 0.271884179164, 0.000282035042462, 0.00980700839721, 0.0522429027291, 0.0867715933315
55, 100, 0.295409585837, 0.000402930403062, 0.00921926889104, 0.0399129887157, 0.0763951479705
56, 100, 0.744359135197, 0.000515117680337, 0.0113840490352, 0.0818487526704, 0.139226366529
57, 100, 0.744616118695, 0.000301571053888, 0.0157992278316, 0.0819518074698, 0.12006982175
58, 100, 0.336205542418, 0.000321873355827, 0.0100575258892, 0.0538764473708, 0.0919625766789
59, 100, 0.355656954932, 0.000219024153184, 0.015058537499, 0.0653190134376, 0.0980573348523
60, 100, 0.707811796949, 0.00019154620727, 0.0188159374583, 0.0888603344915, 0.120832723142
61, 100, 0.744843441761, 0.000225733867376, 0.0215190316946, 0.0992476956419, 0.127243983881
62, 100, 0.323230586098, 0.000326104071659, 0.0162651801, 0.0865462638626, 0.105369440376
63, 100, 0.744399599935, 0.000611459590018, 0.0193565429781, 0.0835145205317, 0.133347194481
64, 100, 0.744424192378, 0.000214213611384, 0.0270981474248, 0.112020012991, 0.141363064802
65, 100, 0.744715840776, 0.000273199237219, 0.0189976518603, 0.0939412662071, 0.127321975993
66, 100, 0.745084649088, 0.000284874027176, 0.0274950962113, 0.0972651133494, 0.13665009223
67, 100, 0.744706792462, 0.000312694372072, 0.0205898047301, 0.104826708148, 0.153200977465
68, 100, 0.744741188219, 0.000147120436274, 0.0206647059687, 0.106260259625, 0.149862236505
69, 100, 0.744699998435, 0.000226296972758, 0.019651296557, 0.102809728744, 0.145550374725
70, 100, 0.290351439636, 6.77011217982e-05, 0.0295303669317, 0.0908789900939, 0.104639447021
71, 100, 0.7443311528, 0.000228097045293, 0.0189115573792, 0.0904633334771, 0.135649327291
72, 100, 0.335159728898, 0.000145948523949, 0.0251318757609, 0.0894374049001, 0.10376614566
73, 100, 0.744251870253, 0.000192259594519, 0.0264538395743, 0.10066248921, 0.139068418377
74, 100, 0.744395583511, 0.000179518694371, 0.0234892720474, 0.0905636581161, 0.124957519978
75, 100, 0.745099948006, 8.27170086472e-05, 0.0142313378217, 0.0876102979259, 0.138204059343
76, 100, 0.74474315773, 0.000140731469824, 0.0208523681835, 0.111338814016, 0.168780264397
77, 100, 0.434237369096, 7.81492645096e-05, 0.0201915874935, 0.0815530873676, 0.10636738238
78, 100, 0.744619210625, 6.87984008798e-05, 0.0181168960833, 0.0851323550005, 0.120555627376
79, 100, 0.744952046021, 0.000100991291833, 0.0126697264745, 0.0750346572854, 0.121197239829
80, 100, 0.744911482895, 8.61181218328e-05, 0.013943014052, 0.0706690822508, 0.115533186638
81, 100, 0.360580547571, 8.25198080087e-05, 0.0158428800223, 0.0694965549991, 0.0987875439821
82, 100, 0.744789412233, 6.28305094174e-05, 0.0175192255472, 0.0971122549, 0.139666540069
83, 100, 0.744549178111, 6.7200847704e-05, 0.0169864483315, 0.0741282309705, 0.114130084128
84, 100, 0.660688270793, 5.20849413863e-05, 0.0168607358911, 0.0888645947994, 0.119952069088
85, 100, 0.306959859691, 5.5740631425e-05, 0.0167291429837, 0.0753951914883, 0.103094194553
86, 100, 0.277584621707, 7.38705211231e-05, 0.016024099993, 0.0717423404532, 0.0961512553104
87, 100, 0.745034815722, 5.28581504066e-05, 0.0170058843998, 0.0910353850678, 0.162921505742
88, 100, 0.74461586811, 6.72384602003e-05, 0.010665231096, 0.082271485326, 0.161926791953
89, 100, 0.26527731931, 0.000152129709007, 0.0178903539421, 0.0767718223808, 0.0986326301785
90, 100, 0.744589059225, 6.30930493885e-05, 0.0199011414827, 0.115650089517, 0.15963762576
91, 100, 0.275732682607, 6.013762252e-05, 0.0176761304732, 0.0658636698604, 0.0910153321711
92, 100, 0.74559796432, 4.83683051984e-05, 0.0171129135312, 0.101991251356, 0.155606516818
93, 100, 0.416963586233, 7.64174597016e-05, 0.0196262002988, 0.082068936619, 0.107205710297
94, 100, 0.744410759227, 7.76494803375e-05, 0.0176641446156, 0.0802955484796, 0.14001589683
95, 100, 0.744376835825, 6.29046584303e-05, 0.0231207534855, 0.109340072844, 0.15337891599
96, 100, 0.744865462005, 5.1414550456e-05, 0.0179683905412, 0.0925593151496, 0.131724390043
97, 100, 0.744604130706, 6.18522436283e-05, 0.0133818799333, 0.0771327140024, 0.133687877896
98, 100, 0.744478231197, 7.23074894144e-05, 0.0104798026173, 0.0953845726469, 0.145945403419
99, 100, 0.745019306468, 5.47044517947e-05, 0.0182130145658, 0.0865729253426, 0.135803167864
100, 100, 0.744337139178, 6.21710317187e-05, 0.00993887761418, 0.0530465321364, 0.123013649076
