0.0640138121955
0.0424564094473
0.0372614674391
0.0222433568424
0.00872980523934
0.00872980523934
0.00872980523934
0.00872980523934
0.00664971930943
0.00661632634496
0.00344437758698
0.00344437758698
0.00344437758698
0.00344437758698
0.00344437758698
0.00344437758698
0.00344437758698
0.00344437758698
0.00344437758698
0.00344437758698
0.00344437758698
0.00344437758698
0.00328425105793
0.00328425105793
0.00328425105793
0.00328425105793
0.00328425105793
0.00328425105793
0.00328425105793
0.00328425105793
0.00328425105793
0.00328425105793
0.00328425105793
0.00328425105793
0.00328425105793
0.00328425105793
0.00328425105793
0.00328425105793
0.00328425105793
0.00328425105793
0.00328425105793
0.00328425105793
0.00328425105793
0.00328425105793
0.00328425105793
0.00328425105793
0.00328425105793
0.00328425105793
0.00328425105793
0.00328425105793
0.00326763826429
0.00326763826429
0.00326763826429
0.00326763826429
0.00326763826429
0.00326763826429
0.00326763826429
0.00326763826429
0.00326763826429
0.00326763826429
0.00326763826429
0.00326763826429
0.00326763826429
0.00326763826429
0.00326763826429
0.00326763826429
0.00339362394172
0.00339362394172
0.00339362394172
0.00326763826429
0.00326763826429
0.00326763826429
0.00326763826429
0.00326763826429
0.00326763826429
0.00326763826429
0.00326763826429
0.00326763826429
0.00326763826429
0.00326763826429
0.00326763826429
0.00326763826429
0.00326763826429
0.00326763826429
0.00326763826429
0.00326763826429
0.00326763826429
0.00326763826429
0.00326763826429
0.00326763826429
0.00313952826581
0.00313952826581
0.00313952826581
0.00313952826581
0.00313952826581
0.00313952826581
0.00313952826581
0.00313952826581
0.00313952826581
0.00313952826581
0.00313952826581
