0.0455142047066
0.0347355033324
0.0274593117067
0.0182886181946
0.00846613377192
0.0067325387814
0.00641351385203
0.00641351385203
0.00512544321021
0.00510874672798
0.00339195513285
0.00339195513285
0.00339195513285
0.00339195513285
0.00339195513285
0.00338316530917
0.00338316530917
0.00338316530917
0.00338316530917
0.00336431432245
0.00336431432245
0.00336431432245
0.00325424590482
0.00325424590482
0.00325424590482
0.00325424590482
0.00325424590482
0.00325424590482
0.00325424590482
0.00325424590482
0.00325424590482
0.00325424590482
0.00325424590482
0.00325424590482
0.00323616211219
0.00323616211219
0.00323616211219
0.00323616211219
0.00304908092617
0.00304908092617
0.00304908092617
0.00304908092617
0.00304908092617
0.00304908092617
0.00304908092617
0.00304908092617
0.00304908092617
0.00304908092617
0.00304908092617
0.00304908092617
0.00304908092617
0.00304908092617
0.00304908092617
0.00304908092617
0.00304908092617
0.00304908092617
0.00304908092617
0.00304908092617
0.00304908092617
0.00304908092617
0.00304908092617
0.00304908092617
0.00304908092617
0.00304908092617
0.00304908092617
0.00304908092617
0.00333063110301
0.00333063110301
0.00333063110301
0.00322532033194
0.00322532033194
0.00322532033194
0.00322532033194
0.00306279538964
0.00306279538964
0.00306279538964
0.00306279538964
0.0029858140801
0.0029858140801
0.0029858140801
0.0029858140801
0.0029858140801
0.0029858140801
0.0029858140801
0.0029858140801
0.0029858140801
0.0029858140801
0.0029858140801
0.0029858140801
0.0029858140801
0.0029858140801
0.0029858140801
0.0029858140801
0.0029858140801
0.0029858140801
0.0029858140801
0.0029858140801
0.0029858140801
0.00284937999154
0.00284937999154
0.00284937999154
