0.019091135517
0.00820246230449
0.00820246230449
0.00820246230449
0.00473527232345
0.00409722246472
0.00360116711099
0.00360116711099
0.0035703288289
0.00333953267872
0.00332195303135
0.00332195303135
0.00332195303135
0.00332195303135
0.00332195303135
0.00328425105793
0.00328425105793
0.00328425105793
0.00328425105793
0.00308952342116
0.00308952342116
0.00308952342116
0.00308952342116
0.00308952342116
0.00308952342116
0.00308952342116
0.00308952342116
0.00308952342116
0.00308952342116
0.00308952342116
0.00308952342116
0.00308952342116
0.00308952342116
0.00308952342116
0.00308952342116
0.00308952342116
0.00308952342116
0.00136508772927
0.00136508772927
0.00136508772927
0.00136508772927
0.00136508772927
0.00136508772927
0.00136508772927
0.00136508772927
0.00136508772927
0.00136508772927
0.00136508772927
0.00136508772927
0.00136508772927
0.00136508772927
0.00136508772927
0.00136508772927
0.00136508772927
0.00136508772927
0.00136508772927
0.00136508772927
0.00136508772927
0.00136508772927
0.00136508772927
0.00136508772927
0.00136508772927
0.00136508772927
0.00136508772927
0.00136508772927
0.00136508772927
0.00136508772927
0.00136508772927
0.00136508772927
0.00136508772927
0.00136508772927
0.00136508772927
0.00136508772927
0.00136508772927
0.00136508772927
0.00136508772927
0.00136508772927
0.00136508772927
0.00136508772927
0.00136508772927
0.00136508772927
0.00136508772927
0.00136508772927
0.00136508772927
0.00136508772927
0.00136508772927
0.00136508772927
0.00136508772927
0.00136508772927
0.00136508772927
0.00136508772927
0.00136508772927
0.00136508772927
0.00136508772927
0.00136508772927
0.00136508772927
0.00136508772927
0.00136508772927
0.00136508772927
0.00136508772927
0.00136508772927
